1135520193058050048	0130	0310	1127	1300
1136016643412070400	0515	0610	1901	2000
1137349853987344384	0304	0327	0915	1000
1137828792354607104	0000	0020	0612	0708
1138574175032709120	0120	0215	1006	1100
1139287563635396608	0115	0225	1124	1225
1139288657740566528	0400	0515	1514	1700
1139292751972667392	0311	0500	1302	1406
1139294294910308352	0224	0412	1207	1315
1139295073020809216	0515	0705	1525	1712
1140731293894578176	0327	0600	1615	1705
1140743510538981376	0215	0518	1413	1508
1141440715692314624	0615	0715	1800	1900
1141444373083459584	0824	0923	1714	1810
1142657456770519040	0809	0905	1825	1925
1143157609994522624	0212	0404	0923	1017
1143268249371283456	0611	0811	1600	1710
1143280980551929856	0811	0915	1906	2017
1143297614675054592	0510	0613	1420	1529
1144979162478546944	0414	0600	1529	1622
1145025805131321344	0620	0813	1717	1902
1145739308242702336	0317	0428	1409	1511
1147247041794150400	0000	0220	1318	1517
1147260901460676608	0220	0313	1520	1627
1148644746495922176	0212	0329	1400	1501
1149140451958329344	0320	0504	1125	1305
1149143037843214336	0123	0307	1226	1329
1149689010306813952	0600	0707	1507	1627
1149862719076306944	0424	0526	1500	1527
1151148449559875584	0617	0728	1518	1616
1151258401435684864	0620	0817	2010	2110
1151938460546895872	0420	0620	1707	1822
1152273837489000448	0520	0917	1515	1621
1152294446285590528	0709	0915	2007	2007
1153009388164878336	0810	1013	1625	1804
1153051816318078976	0600	0807	1814	1918
1153364144708259840	0529	0628	1708	1817
1153368324072148992	0624	0810	1502	1617
1155473946938839040	0527	0800	2027	2227
1155516904597753856	0506	0710	1517	1616
1156015014063247360	0302	0419	1905	2101
1157777867564781568	0429	0624	1413	1518
1158081528094396416	0715	0812	1707	1805
1158121747237703680	0420	0729	1220	1410
1158210088226394112	0408	0509	1708	1924
1159844101647110144	0608	0716	1609	1709
1159876942183403520	0617	0718	1518	1618
1160022659078164480	0325	0509	1403	1508
1160574281751597056	0325	0627	1402	1503
1160969175854878720	0200	0220	0920	1010
1161035859718443008	0722	0905	1714	1821
1161039891853873152	0611	0800	2100	2202
1161405315078557696	0409	0505	1415	1502
1161410259663851520	0623	0726	1503	1526
1161424013424201728	0225	0420	1114	1203
1163170677465944064	0617	0722	1722	1822
1166458593940213760	0000	0207	1725	1910
1167270401420693504	0117	0413	1302	1328
1167276379264389120	0608	0815	1202	1320
1167828621449105408	0415	0602	1313	1423
1168627264498307072	0300	0413	1200	1226
1168643417354407936	0610	0710	1410	1510
1169085029020733440	0512	0612	1405	1507
1169690907298107392	0603	0706	1827	1913
1170098064988442624	1027	1214	1711	1816
1170120314710003712	0714	0816	1427	1523
1170363967529422848	0416	0513	1410	1429
1170405121432096768	0503	0603	1603	1715
1170440944898674688	0829	1018	1612	1820
1171438068671057920	0917	1113	1624	1724
1171442773736427520	0706	0909	1604	1708
1172921613071552512	0703	0901	1519	1619
1173633569030017024	0726	0826	1500	1604
1173636987983368192	0804	0922	1513	1623
1173703899434061824	0721	0820	1512	1716
1173981162369060864	0527	0825	1902	1902
1174370679324282880	1007	1117	1805	1904
1174425083150733312	0418	0519	1615	1714
1174433735370739712	0604	0708	1623	1728
1174492924038221824	0522	0724	1422	1619
1174523801946427392	0526	0623	1801	1822
1174529588961873920	0615	0907	1508	1609
1174721023061397504	0213	0423	1511	1621
1175191462074257408	0811	0919	1518	1622
1176295654708875264	0406	0513	1013	1126
1176296339600969728	0329	0505	0915	1010
1176303878489116672	0526	0703	1500	1609
1176329336312172544	0820	1004	1625	1906
1176574292930990080	0417	0618	1312	1405
1176577233465249792	0504	0612	1227	1322
1176599941691346944	0211	0401	0817	0909
1177681938622844928	0717	0824	1514	1619
1178097221405642752	0612	0722	1410	1529
1178752628969050112	0502	0601	0800	0829
1179046964067700736	0612	0706	1405	1426
1179470992779644928	0609	0715	1514	1611
1179474475293478912	0802	0905	1524	1700
1180120357101768704	0627	0813	1529	1624
1180126587761332224	0403	0517	1709	1813
1180239078050893824	0328	0619	1414	1414
1180613137162964992	0715	0809	1506	1613
1180617114415927296	0819	0915	1705	1802
1180619161752178688	0700	0809	1427	1617
1180987337182679040	0727	0908	1526	1626
1181024942083411968	0623	0716	1416	1520
1181287420545601536	0510	0706	1520	1618
1181291897520525312	0707	0907	1406	1500
1181349858875936768	0603	0626	1328	1419
1181374351086325760	0516	0626	1529	1709
1181376885322551296	0610	0710	1616	1709
1181388907686793216	0608	0729	1505	1621
1182751133148516352	0012	0115	1012	1116
1182759104704286720	0807	0905	1300	1406
1183384449673465856	0608	0816	1601	1700
1183831175140085760	0615	0726	1324	1426
1183881348172091392	0514	0615	1412	1511
1184175390046949376	0706	0811	1528	1702
1184212569901109248	0508	0801	1406	1601
1184255921463889920	0526	0708	1511	1613
1184257670958419968	0523	0804	1508	1611
1186273450763882496	0708	0827	1605	1704
1187541702206951424	0801	0921	1705	1818
1187551526143528960	0704	0829	1312	1412
1187813809994207232	0400	0520	1400	1507
1187898411337256960	0708	0905	1601	1706
1187900485445750784	0720	0820	1514	1609
1187905231665631232	0617	0723	1408	1510
1187906724112240640	0217	0626	1406	1506
1188092056409608192	0421	0528	1420	1523
1188111885870960640	0318	0704	1404	1510
1188185950870704128	0620	0810	1416	1525
1188197006477234176	0520	0622	1317	1420
1188202756897378304	0528	0702	1512	1615
1188263812546039808	0713	0819	1502	1619
1188264679265406976	0705	0825	1600	1701
1188270500342796288	0702	0809	1507	1606
1189170958347407360	0829	1101	1508	1702
1189982040850829312	0505	0701	1429	1602
1189990875699220480	0501	0700	1502	1610
1190436440358653952	0327	0500	1523	1700
1190441647834533888	0426	0604	1401	1510
1190779857747972096	0517	0626	1503	1604
1191073383631163392	0329	0517	1413	1522
1191092016084291584	0604	0707	1403	1516
1191455993624662016	0410	0515	1317	1425
1191461329924395008	0527	0719	1508	1621
1191467291066372096	0224	0505	1207	1303
1191829684787220480	0523	0627	1400	1503
1192189600249024512	0723	0903	1725	1826
1192582335518871552	0005	0207	1401	1506
				
1137449732378071040	0526	0726	0907	1215
1138209450495184896	0000	0000	0708	0914
1142656495402487808	1110	1222	1902	1928
1142928102817665024	0615	0714	1423	1600
1144325732814688256	0113	0700	0915	1013
1145007356883636224	0323	0518	1300	1327
1145465544632307712	0103	0212	0500	0520
1148369263329939456	0007	0204	1300	1414
1150837278084567040	0014	0227	1711	1814
1151241118986407936	0608	0928	1925	2128
1152359720154173440	0328	0514	0729	0822
1153005286957649920	0816	1026	1520	1720
1155461873626386432	0415	0616	1424	1527
1155462493037006848	0512	0724	1327	1428
1155621710603620352	0617	0810	1606	1812
1155941053304541184	0417	0710	1507	1507
1158170281991344128	0129	0326	1522	1727
1158804346377474048	0000	0000	3603	3710
1159812709802446848	0625	0800	1502	1522
1160956902386044928	0427	0523	1906	1928
1161004795281149952	0705	1019	1524	1705
1161016306573643776	0525	0712	1822	1915
1163174506357985280	0820	1018	1625	1726
1163220446204792832	0915	1116	1612	1723
1163440559113768960	0628	0819	1425	1425
1166025714890313728	0603	0726	1620	1620
1166370634150842368	0208	0327	1607	1607
1167262722967080960	0014	0128	1127	1223
1168993984471764992	0405	0511	1329	1329
1168994916135735296	0523	0623	1314	1314
1168995969807814656	0510	0720	1425	1425
1168996459178233856	0317	0425	1404	1404
1169648298118746112	0509	0628	1320	1500
1169730565960765440	0507	0825	1324	1427
1169787332916809728	0605	0823	1500	1619
1170095149301239808	0726	0904	1529	1529
1170409106205446144	0623	0719	1607	1626
1170434951179538432	0507	0725	1329	1329
1170438378727018496	0401	0518	1222	1413
1172936665514250240	0825	0922	1702	1827
1172940037583671296	0704	0911	1527	1527
1173629939761680384	0319	0900	1709	1709
1173997643861463040	1029	1205	1901	1901
1174311767657025536	0515	0623	0908	1009
1174355569490923520	0621	0726	1427	1601
1174374840396812288	0307	0819	1927	2103
1174376632979427328	0627	0810	1315	1409
1174389856021909504	0615	0906	1611	1611
1174526683433275392	0710	0819	1700	1726
1175766939411288064	0715	0824	1505	1505
1176575550442049536	0000	0220	0708	0829
1176576333812207616	0114	0320	0911	1001
1176589159331139584	0509	0628	1610	1610
1177370465627410432	0629	0910	1306	1416
1177678046371647488	0628	0829	1418	1516
1177685197370560512	0700	0818	1520	1701
1178324139799351296	0426	0727	1111	1206
1179941575791349760	0000	0000	1207	1207
1180240075578019840	0223	0411	1409	1503
1180880022735556608	0500	0614	1900	2022
1181275773953249280	0714	0908	1825	2000
1181580449546375168	0000	0101	0820	0923
1181592504861069312	0528	0711	1316	1501
1181598447577468928	0429	0727	1413	1413
1183837192984858624	0620	1005	1213	1315
1184214604524425216	0000	0000	1112	1222
1185640660401786880	0120	0323	1208	1208
1187760838673567744	0211	0414	1001	1001
1187760876082565120	0407	0627	1310	1421
1187763981868208128	0404	0604	1311	1324
1187765067316334592	0217	0511	1303	1303
1188104654647595008	0401	0824	1307	1407
1188258760452345856	0810	0917	1413	1601
1188271752959102976	0607	0825	1800	1905
1188601010126458880	0618	0728	1510	1613
1189306975054336000	0725	0904	1209	1322
1189926368092229632	0608	0708	1619	1727
1190434584312025088	0816	1000	1414	1523
1190703410580688896	0410	0714	1511	1623
1190751852040425472	0517	0728	1313	1313
1191090290627317760	0229	0509	1215	1308
1191099523188002816	0618	0816	1522	1620
1191457243770523648	0506	0624	1419	1527
1191828627046666240	0715	0828	1723	1902
1191830179870281728	0728	0915	1913	1913
1173581702723932160	0604	0805	1417	1519
1173582788901867520	0503	0609	1209	1209
				
1136012717719687168	0610	0706	2120	2303
1137474358743273472	0021	0220	0826	0928
1137745126962106368	0109	0303	0720	0902
1138925679753170944	0909	1414	1919	2207
1139289565438283776	0218	0414	1100	1214
1140377853821587456	0627	0816	1621	1729
1141441398478868480	0323	0505	1222	1318
1142571005282226176	0618	0815	1504	1624
1144603518796173312	0905	1201	2223	2400
1145165384165494784	0215	0408	1515	1604
1147858044265304064	0528	0705	0917	1200
1150407411408965632	0724	0828	1812	1929
1160957190471815168	0829	1109	1628	1908
1161284650707062784	0629	0827	1805	1925
1161391622672486400	0708	0825	1712	1813
1162037937081290752	0526	0717	1411	1613
1164258592786878464	0000	0713	1405	1405
1164298749409890304	0626	0828	1619	1815
1165374094426902528	0013	0114	0928	0928
1165618651857031168	0417	0613	0911	1024
1167543561999224832	0724	1105	1714	1824
1168642539088121856	0500	0914	2010	2117
1169673959457820672	0523	0619	1707	1817
1170102334974464000	0804	0912	1712	1824
1170433945708400640	0403	0624	1307	1329
1172899223394455552	0608	1010	2007	2203
1173398626618183680	0724	0907	1606	1606
1173707592472596480	0100	0224	1815	2003
1174398560070930432	0812	1205	1809	2017
1178678282086912000	0509	0802	1404	1512
1179472361422983168	0000	0000	2009	2009
1179900191290036224	0000	0000	1013	1013
1180129448226328576	0517	0721	1324	1505
1180614650681757696	0812	0911	1603	1716
1180630304038195200	0808	1009	2113	2221
1180649624566894592	0725	0828	1917	1917
1180942225522167808	0223	0404	1905	2015
1181384532788645888	0119	0515	1213	1402
1181554551564668928	0700	0818	 1519	1620
1183164778424700928	0726	0829	1600	1708
1183835107765653504	0325	0506	1325	1325
1185665648278245376	0604	0802	1711	1813
1187813886104047616	0627	0917	1711	1810
1188269208589438976	0504	0708	1514	1623
1188823093313933312	0407	0606	1418	1418
1189282011672612864	0721	0827	1503	1623
1189299968821825536	0408	0513	1422	1526
1190440059116064768	0512	0618	1222	1321
				
1136013658187501568	0716	0912	2312	2428
1136444564501041152	0418	0715	1511	1719
1137153853905571840	0028	0314	0619	0720
1142880438755397632	0822	1004	1621	1800
1143308781053153280	0505	0704	1223	1412
1145493723912736768	0422	0614	1518	1820
1145503274078703616	0625	0819	1712	1905
1154829804558749696	0610	1108	2005	2129
1154834384092794880	0600	0721	2107	2212
1155102405692624896	0512	0816	1502	1610
1157398483481792512	0715	0908	1601	1703
1157646502206771200	0703	1025	1828	1828
1158092396286840832	0700	0815	1521	1705
1158120888017752064	0520	0620	1726	1829
1158133268546195456	0517	0801	1501	1608
1160577214136324096	0626	0827	1717	1826
1160939175214714880	1008	1104	1809	1908
1161411795961909248	0616	0816	1622	1809
1161418457267441664	0817	1003	1727	1825
1163168471840854016	0624	0829	1600	1722
1163221735399624704	0526	0723	1328	1523
1163446644738494464	0312	0510	1220	1220
1164906514276814848	0409	0524	0828	0927
1168291980074160128	0419	0619	1224	1320
1169014479267172352	0703	0908	1515	1515
1169023424320901120	0606	0717	1328	1509
1169370112256512000	0407	0627	1405	1602
1169669350454595584	0416	0618	1214	1400
1169691659496198144	0521	0710	1215	1326
1170402883439562752	0704	0824	1717	1824
1170430333322137600	0708	0825	1521	1623
1172617655916564480	0718	0907	1525	1714
1173582158808354816	0712	0822	1501	1501
1173628143852982272	0615	0927	1721	1721
1173741242517950464	0711	0821	1509	1610
1174455821128568832	0803	0905	1811	1925
1177748775553339392	0524	0710	1423	1520
1178057540886466560	0219	0500	1212	1317
1178113859723071488	0626	0818	1407	1518
1178695953725657088	0805	0925	1517	1624
1178826383384776704	0720	0910	1527	1617
1180204712583106560	0520	0616	1415	1509
1180583928315121664	0614	0722	1414	1600
1180874177150849024	0411	0608	1312	1428
1181031469284462592	0811	0929	1508	1823
1181595699721146368	0414	0522	1223	1320
1185211330811006976	0716	0811	1625	1625
1186469414258741248	0700	0902	1415	1604
1188190418920148992	0526	0726	1521	1700
1188261208965386240	0703	0911	1823	2102
1188261840350744576	0425	0609	1309	1408
1189979350729101312	0601	0704	1518	1616
1190434524115374080	0327	0508	1722	 1901
1190440080242774016	0729	0904	1624	1722
1190441892924493824	0517	0627	1404	1506
1191746568445890560	0501	0619	1701	1809
1192582039719776256	0401	0628	1407	1623
1192585001959559168	0518	0616	1429	1600
1137832022941765632	0200	0415	1111	1225
1140790694542184448	0312	0515	1323	1512
1144985443301986304	0410	0520	1323	1516
1145423013454417920	0828	1202	1802	1915
1148370418483204096	0212	0423	1520	1802
1157396975696613376	1022	1220	1902	2015
1158174612736053248	0302	0415	1206	1313
1164753941334986752	0729	1003	 1703	1803
1166193186654261248	0609	0825	1808	1924
1166372399143325696	0710	0825	1508	1508
1168995408312143872	0609	0824	1603	1720
1173732414795681792	0604	0901	1510	1613
1174411880018612224	0628	0813	1820	1916
1174531491611414528	0701	0828	1413	1702
1178752628969050112	0503	0607	0729	0827
1179150150426300416	0518	0714	1411	1411
1181305742808977408	0616	0821	1529	1529
1188260269487427584	0115	0404	0410	0429
1188267975812190208	0524	0727	1500	1602
1189991975101796352	0516	0626	1514	1619
1157783418889703424	0704	0901	1416	1509
1160661658813730816	0920	1210	1716	1821
1161408031838310400	0519	0712	1304	1402
1161416592433745920	0720	1012	1907	2005
1163442111769612288	0423	0616	1305	1305
1165343059291017216	0521	0809	1512	1605
1168291233248972800	0500	0706	1414	1414
1169699519588339712	0429	0614	1707	1922
1169781266581688320	0606	0816	1508	1627
1174029537244221440	0708	0907	2003	2106
1174055252442353664	0717	0922	1515	1619
1175520744302579712	0000	0118	1316	1423
1176299995587022848	0000	0118	0619	0715
1177372494164791296	0701	0807	1825	1917
1178028825641095168	0219	0315	1503	1602
1178099647252664320	0509	0623	1404	1502
1179046035482349568	0513	0701	1311	1311
1180117687607627776	0529	0723	1419	1516
1180208457014448128	0707	0906	1421	1602
1180555286600093696	0627	0913	1707	2006
1180870375425314816	0609	0714	1614	1714
1180941237465780224	0517	0628	1022	1124
1181299377633890304	0608	0803	1414	1526
1181312499144855552	0700	0811	1426	1529
1181369824450842624	0429	0700	1817	1926
1181371735556100096	0514	0727	1413	1527
1181883099206782976	0713	0827	1508	1610
1183045498907529216	0624	0808	1609	1709
1183157809777348608	0719	0827	1606	1624
1183788610084802560	0111	0303	1100	1223
1183842879777411072	0513	0709	2022	2022
1184214294519222272	0401	0525	1305	1422
1185281827749892096	0411	0510	1311	1406
1186125895279185920	0329	0500	1319	1415
1187902429975416832	0623	0811	1714	1823
1188200110803259392	0810	0918	1520	1719
1188556902154506240	0507	0705	1406	1428
1188599837969485824	0519	0826	1424	1524
1190437938396270592	0629	0811	1421	1517