1135520193058050048
1136016643412070400
1137349853987344384
1137828792354607104
1138574175032709120
1139287563635396608
1139288657740566528
1139292751972667392
1139294294910308352
1139295073020809216
1140731293894578176
1140743510538981376
1141440715692314624
1141444373083459584
1142657456770519040
1143157609994522624
1143268249371283456
1143280980551929856
1143297614675054592
1144979162478546944
1145025805131321344
1145739308242702336
1147247041794150400
1147260901460676608
1148644746495922176
1149140451958329344
1149143037843214336
1149689010306813952
1149862719076306944
1151148449559875584
1151258401435684864
1151938460546895872
1152273837489000448
1152294446285590528
1153009388164878336
1153051816318078976
1153364144708259840
1153368324072148992
1155473946938839040
1155516904597753856
1156015014063247360
1157777867564781568
1158081528094396416
1158121747237703680
1158210088226394112
1159844101647110144
1159876942183403520
1160022659078164480
1160574281751597056
1160969175854878720
1161035859718443008
1161039891853873152
1161405315078557696
1161410259663851520
1161424013424201728
1163170677465944064
1166458593940213760
1167270401420693504
1167276379264389120
1167828621449105408
1168627264498307072
1168643417354407936
1169085029020733440
1169690907298107392
1170098064988442624
1170120314710003712
1170363967529422848
1170405121432096768
1170440944898674688
1171438068671057920
1171442773736427520
1172921613071552512
1173633569030017024
1173636987983368192
1173703899434061824
1173981162369060864
1174370679324282880
1174425083150733312
1174433735370739712
1174492924038221824
1174523801946427392
1174529588961873920
1174721023061397504
1175191462074257408
1176166872127770624
1176295654708875264
1176296339600969728
1176303878489116672
1176329336312172544
1176574292930990080
1176577233465249792
1176599941691346944
1177681938622844928
1178097221405642752
1178752628969050112
1179046964067700736
1179470992779644928
1179474475293478912
1180120357101768704
1180126587761332224
1180239078050893824
1180613137162964992
1180617114415927296
1180619161752178688
1180987337182679040
1181024942083411968
1181287420545601536
1181291897520525312
1181349858875936768
1181374351086325760
1181376885322551296
1181388907686793216
1182751133148516352
1182759104704286720
1183384449673465856
1183831175140085760
1183881348172091392
1184175390046949376
1184212569901109248
1184255921463889920
1184257670958419968
1186273450763882496
1187541702206951424
1187551526143528960
1187813809994207232
1187898411337256960
1187900485445750784
1187905231665631232
1187906724112240640
1188092056409608192
1188111885870960640
1188185950870704128
1188197006477234176
1188202756897378304
1188263812546039808
1188264679265406976
1188270500342796288
1189170958347407360
1189982040850829312
1189990875699220480
1190436440358653952
1190441647834533888
1190779857747972096
1191073383631163392
1191092016084291584
1191455993624662016
1191461329924395008
1191467291066372096
1191829684787220480
1192189600249024512
1192582335518871552