1135906499428749312
1136013658187501568
1136444564501041152
1137157778301915136
1137749136746090496
1137849249321586688
1140697940864667648
1142654416852226048
1143272750299877376
1143308781053153280
1144712872312573952
1145446479343783936
1145493723912736768
1147508298065514496
1152273837489000448
1158443332880437248
1159866739828330496
1161280645041885184
1161399377374351360
1161401041103753216
1161406725610409984
1163443640761192448
1164205573386932224
1167253426036412416
1168640815275315200
1169691659496198144
1169699519588339712
1169750752839733248
1173732414795681792
1173741242517950464
1174411880018612224
1179150150426300416
1180634874256691200
1180644258084950016
1181369824450842624
1181371735556100096
1181883099206782976
1181884605960163328
1183169780266438656
1183842879777411072
1184174393484513280
1187900485445750784
1189991975101796352
1188261208965386240
1188267975812190208
1187902429975416832
1189977756176355328
