1137449732378071040
1138209450495184896
1142656495402487808
1142928102817665024
1144325732814688256
1145007356883636224
1145465544632307712
1148369263329939456
1150837278084567040
1151241118986407936
1152359720154173440
1153005286957649920
1155461873626386432
1155462493037006848
1155621710603620352
1155941053304541184
1158170281991344128
1158804346377474048
1159812709802446848
1160956902386044928
1161004795281149952
1161016306573643776
1163174506357985280
1163220446204792832
1166025714890313728
1166370634150842368
1167262722967080960
1168993984471764992
1168994916135735296
1168995969807814656
1168996459178233856
1169648298118746112
1169730565960765440
1169787332916809728
1170095149301239808
1170409106205446144
1170434951179538432
1170438378727018496
1172936665514250240
1172940037583671296
1173629939761680384
1173997643861463040
1174311767657025536
1174355569490923520
1174374840396812288
1174376632979427328
1174389856021909504
1174526683433275392
1175766939411288064
1176575550442049536
1176576333812207616
1176589159331139584
1177370465627410432
1177613590493007872
1177678046371647488
1177685197370560512
1178324139799351296
1179941575791349760
1180240075578019840
1180880022735556608
1181275773953249280
1181580449546375168
1181592504861069312
1181598447577468928
1183837192984858624
1184214604524425216
1185640660401786880
1187760838673567744
1187760876082565120
1187763981868208128
1187765067316334592
1188104654647595008
1188258760452345856
1188271752959102976
1188601010126458880
1189306975054336000
1189926368092229632
1190434584312025088
1190703410580688896
1190751852040425472
1191090290627317760
1191099523188002816
1191457243770523648
1191828627046666240
1191830179870281728
