1135906499428749312
1137157778301915136
1137749136746090496
1137849249321586688
1138933723094454272
1139290748441726976
1140697940864667648
1142654416852226048
1143272750299877376
1144712872312573952
1145423303209521152
1145446479343783936
1147508298065514496
1149141635817410560
1153293518844858368
1155102845276655616
1155628121148493824
1158121380533899264
1158121593910726656
1158443332880437248
1159866739828330496
1160329514950201344
1161399377374351360
1163443640761192448
1164205573386932224
1164996984252272640
1167253426036412416
1168612633859985408
1168640815275315200
1169708500507561984
1169750752839733248
1176574926677741568
1177374673206382592
1178325111267266560
1180644258084950016
1181386227333599232
1181884605960163328
1183169780266438656
1183835637258784768
1183886780622049280
1184174393484513280
1189989134798819328
1190435789192957952
1190438433424805888
1180129448226328576

