1136012717719687168
1137474358743273472
1137745126962106368
1138925679753170944
1139289565438283776
1140377853821587456
1141441398478868480
1142571005282226176
1144603518796173312
1145165384165494784
1147858044265304064
1150407411408965632
1160957190471815168
1161284650707062784
1161391622672486400
1162037937081290752
1164258592786878464
1164298749409890304
1165374094426902528
1165618651857031168
1167543561999224832
1168642539088121856
1169673959457820672
1170102334974464000
1170433945708400640
1172899223394455552
1173398626618183680
1173707592472596480
1174398560070930432
1178678282086912000
1179472361422983168
1179900191290036224
1180129448226328576
1180614650681757696
1180630304038195200
1180649624566894592
1180942225522167808
1181384532788645888
1181554551564668928
1183164778424700928
1183835107765653504
1185665648278245376
1187813886104047616
1188269208589438976
1188823093313933312
1189282011672612864
1189299968821825536
1190440059116064768